11831 1204 0.241188 Pontianak 2 1 13 2 2017
5469 1080 0.645009 Unicorn 0 2 14 12 2010
31041 263 0.198737 Vampire 3 3 5 6 2002
8461 1091 0.132786 Bogeyman 1 4 3 11 2017
16223 161 0.482772 Dragon 0 5 15 8 2003
28360 1484 0.843471 Hydra 0 6 11 6 2013
32336 32 0.747826 Yeti 0 7 14 1 2022
3568 1088 0.670797 Chimera 1 8 20 3 2012
31510 1520 0.658254 Zombie 3 9 26 5 2011
7460 556 0.580859 Basilisk 2 10 27 12 2022
20978 639 0.0130924 Griffin 2 11 20 10 2014
23112 1772 0.737083 Banshee 3 12 4 7 2022
1636 1801 0.871364 Yeti 2 13 27 5 2018
12922 1871 0.625019 Yeti 2 14 7 12 2008
4911 1212 0.676565 Dragon 0 15 3 10 2018
21021 1713 0.177618 Yeti 0 16 13 12 2009
31314 1972 0.382122 Dragon 1 17 3 3 2007
13521 527 0.900021 Dybbuk 1 18 27 8 2022
21775 1327 0.57625 Vampire 2 19 12 9 2007
13687 1462 0.994659 Vampire 2 20 13 2 2003
25575 1450 0.60683 Hydra 1 21 1 8 2017
7729 1763 0.48616 Vampire 2 22 5 1 2005
7835 545 0.706595 Vampire 1 23 1 2 2000
14431 19 0.346538 Chimera 3 24 31 12 2019
17452 1169 0.117954 Zombie 1 25 6 8 2002
23715 1571 0.620014 Hydra 1 26 15 7 2007
27354 104 0.218177 Dragon 0 27 18 11 2018
732 832 0.548082 Unicorn 3 28 5 4 2005
4135 1442 0.644276 Zombie 1 29 6 3 2008
21037 1159 0.694449 Chimera 2 30 11 10 2011
10453 461 0.417982 Unicorn 0 31 19 6 2002
12535 1333 0.0701315 Vampire 1 32 25 12 2006
12514 870 0.0708029 Dragon 1 33 19 5 2006
21722 1879 0.258461 Pontianak 2 34 8 6 2021
15250 57 0.769066 Bogeyman 3 35 24 12 2012
21175 171 0.539964 Phoenix 1 36 1 5 2003
869 1731 0.438795 Chimera 2 37 3 9 2012
11951 908 0.0174261 Phoenix 0 38 22 10 2020
31259 242 0.890835 Bogeyman 3 39 22 9 2008
27684 904 0.740989 Pontianak 3 40 24 11 2002
22710 755 0.945769 Banshee 3 41 9 1 2013
7606 1260 0.832911 Hydra 1 42 7 12 2013
12152 658 0.558916 Basilisk 0 43 2 9 2004
30022 1845 0.612873 Basilisk 3 44 5 10 2009
30175 1884 0.945463 Dybbuk 1 45 30 11 2020
21494 1008 0.722739 Hydra 0 46 14 6 2016
6831 319 0.705222 Unicorn 0 47 19 3 2004
23078 522 0.251625 Phoenix 2 48 9 1 2010
5096 280 0.947874 Pontianak 3 49 24 8 2020
30583 1137 0.860958 Dybbuk 1 50 29 1 2011
28362 1763 0.417829 Unicorn 1 51 2 9 2011
31435 912 0.909421 Phoenix 0 52 8 9 2015
24535 1085 0.619312 Yeti 1 53 17 7 2017
8770 1845 0.577898 Chimera 0 54 11 4 2014
21200 1204 0.941221 Pontianak 2 55 8 5 2008
11069 205 0.99469 Hydra 3 56 8 6 2015
31414 1125 0.78225 Griffin 3 57 31 10 2015
25182 1318 0.360149 Vampire 2 58 13 1 2002
25034 844 0.675924 Vampire 0 59 28 8 2003
13189 1275 0.0721152 Dragon 1 60 15 12 2020
31116 1671 0.415448 Yeti 2 61 1 11 2002
14803 1418 0.850551 Zombie 2 62 25 10 2007
10943 98 0.178869 Vampire 2 63 28 2 2011
20394 1744 0.862697 Yeti 1 64 4 11 2005
25954 1515 0.653951 Pontianak 1 65 14 4 2015
7850 1227 0.84814 Phoenix 0 66 7 12 2022
12471 1294 0.163213 Vampire 0 67 5 2 2005
12212 1686 0.243599 Dybbuk 0 68 14 3 2013
15167 361 0.788995 Bogeyman 0 69 4 3 2012
31466 575 0.308206 Griffin 1 70 15 11 2011
27323 1512 0.498306 Phoenix 2 71 16 2 2016
30636 388 0.248268 Chimera 1 72 24 3 2012
27691 361 0.268044 Dragon 0 73 2 12 2016
11419 1440 0.342387 Basilisk 0 74 12 7 2020
17361 1048 0.209815 Griffin 1 75 29 12 2002
16281 818 0.0664083 Hydra 0 76 12 12 2008
23855 1187 0.694967 Dragon 0 77 5 9 2008
1477 1317 0.218482 Griffin 1 78 24 3 2017
6916 646 0.479598 Chimera 0 79 12 5 2009
4995 1463 0.0439772 Phoenix 1 80 21 10 2008
26449 1423 0.829676 Dragon 0 81 12 8 2013
19569 150 0.360576 Bogeyman 1 82 14 5 2010
17241 1498 0.645802 Zombie 0 83 27 5 2011
29554 189 0.683187 Phoenix 1 84 30 9 2011
22427 1637 0.588458 Dragon 1 85 24 7 2006
15015 795 0.348979 Phoenix 3 86 12 7 2003
986 12 0.202795 Hydra 0 87 11 11 2012
21359 1915 0.642445 Banshee 3 88 22 8 2018
28437 845 0.0437941 Phoenix 1 89 11 4 2010
32365 1628 0.920255 Unicorn 3 90 14 2 2016
6030 1349 0.801263 Banshee 0 91 30 9 2009
7041 1705 0.736442 Dybbuk 3 92 9 5 2021
25286 512 0.424543 Yeti 3 93 7 4 2002
14797 1473 0.967254 Pontianak 1 94 20 10 2016
11645 811 0.247993 Bogeyman 0 95 25 5 2013
10161 1376 0.936155 Unicorn 2 96 8 6 2006
23478 852 0.115604 Vampire 0 97 16 6 2016
718 834 0.538987 Unicorn 2 98 29 11 2014
26800 455 0.506211 Yeti 1 99 29 4 2014
18438 1654 0.368755 Dragon 3 100 2 12 2004
30445 1762 0.658345 Griffin 2 101 9 8 2006
25464 967 0.840846 Basilisk 1 102 11 12 2001
24622 1554 0.695273 Griffin 2 103 18 10 2019
16520 20 0.317728 Yeti 2 104 9 11 2019
17780 355 0.750175 Griffin 0 105 22 12 2020
22996 1577 0.234321 Bogeyman 3 106 30 10 2006
7935 1058 0.0907926 Basilisk 3 107 27 11 2018
18751 402 0.222755 Zombie 0 108 15 11 2013
19538 1725 0.24485 Zombie 3 109 2 3 2016
22505 46 0.237342 Vampire 3 110 25 5 2020
9260 673 0.124699 Banshee 0 111 1 6 2009
3636 713 0.679769 Basilisk 0 112 7 3 2006
1167 1882 0.15247 Chimera 1 113 17 5 2003
17344 511 0.523911 Bogeyman 1 114 1 1 2013
25276 1014 0.385113 Hydra 2 115 10 9 2001
12142 1007 0.440962 Hydra 2 116 4 8 2016
23348 1585 0.639271 Basilisk 1 117 13 6 2015
30559 325 0.924375 Hydra 1 118 23 2 2013
16823 1448 0.616382 Unicorn 1 119 1 10 2008
16629 397 0.414808 Dragon 3 120 29 11 2007
12615 42 0.0276803 Yeti 0 121 30 1 2019
16592 982 0.425275 Basilisk 0 122 6 3 2022
7206 1793 0.719169 Hydra 3 123 14 2 2000
19154 1372 0.666005 Zombie 2 124 8 1 2009
23507 908 0.796564 Banshee 0 125 16 12 2019
25115 1036 0.169469 Pontianak 1 126 17 2 2002
16656 312 0.750359 Pontianak 2 127 28 8 2008
18700 1171 0.415479 Pontianak 3 128 27 9 2018
9181 593 0.580859 Basilisk 0 129 13 5 2012
4422 413 0.456038 Dybbuk 0 130 1 1 2007
29565 1253 0.923093 Zombie 1 131 24 2 2010
11179 249 0.0404065 Vampire 2 132 16 10 2016
18031 416 0.17185 Basilisk 0 133 2 5 2019
30811 563 0.740257 Phoenix 2 134 29 5 2018
27253 1312 0.606738 Dragon 1 135 16 6 2003
22200 1512 0.0743126 Dybbuk 0 136 29 11 2009
29840 449 0.517045 Zombie 1 137 28 12 2014
13665 1845 0.633717 Vampire 2 138 17 2 2011
20737 1633 0.326914 Vampire 1 139 15 10 2009
8761 311 0.206824 Yeti 0 140 31 5 2018
21321 1676 0.720206 Chimera 2 141 11 9 2013
23137 139 0.904263 Bogeyman 0 142 7 7 2022
17960 1344 0.765557 Phoenix 1 143 6 12 2009
23097 750 0.283914 Dragon 3 144 17 12 2005
31649 601 0.0413526 Pontianak 3 145 28 2 2007
28002 237 0.475936 Bogeyman 1 146 9 10 2006
23795 21 0.760765 Dragon 1 147 4 9 2021
16061 1845 0.307779 Hydra 0 148 14 4 2015
31392 1873 0.896725 Bogeyman 0 149 2 9 2002
26732 147 0.42909 Banshee 0 150 6 1 2022
7272 1224 0.306925 Vampire 2 151 27 8 2004
975 596 0.436842 Dybbuk 3 152 18 1 2001
20814 426 0.858852 Hydra 2 153 12 3 2022
14727 629 0.000244148 Bogeyman 1 154 9 9 2005
32658 1426 0.554704 Bogeyman 3 155 27 7 2016
20854 1219 0.98587 Basilisk 0 156 31 2 2003
29876 109 0.656484 Banshee 1 157 13 4 2015
17084 587 0.582324 Griffin 1 158 4 10 2005
30070 1849 0.810938 Basilisk 0 159 24 12 2021
17339 378 0.425703 Chimera 0 160 18 12 2007
19929 1218 0.174596 Pontianak 3 161 26 12 2019
23058 445 0.724296 Hydra 2 162 4 7 2004
24862 166 0.538804 Dybbuk 2 163 8 8 2004
27300 721 0.383618 Basilisk 2 164 10 7 2020
14789 802 0.454512 Unicorn 2 165 7 6 2013
18834 307 0.131504 Hydra 3 166 26 6 2015
6545 1266 0.357646 Zombie 0 167 27 7 2014
19004 1344 0.643056 Banshee 2 168 10 3 2001
2433 1587 0.693716 Basilisk 1 169 7 7 2014
20291 261 0.665548 Unicorn 1 170 25 5 2006
27095 1251 0.0431227 Vampire 2 171 13 5 2006
23176 1023 0.143651 Phoenix 1 172 18 4 2003
532 287 0.245949 Yeti 0 173 18 8 2010
7469 76 0.344249 Unicorn 2 174 19 5 2006
4345 1907 0.527116 Vampire 1 175 16 1 2015
1938 55 0.981475 Vampire 2 176 8 1 2008
23686 1293 0.621265 Banshee 0 177 1 6 2011
22872 1502 0.341655 Pontianak 1 178 27 6 2015
16894 1769 0.897794 Pontianak 0 179 28 8 2012
12641 1646 0.408582 Banshee 1 180 14 8 2019
17888 516 0.485855 Basilisk 0 181 10 12 2022
7629 1508 0.988128 Basilisk 2 182 7 4 2003
9198 1052 0.399457 Banshee 3 183 14 3 2003
11261 222 0.833522 Chimera 2 184 11 11 2009
24361 1246 0.662313 Dybbuk 1 185 8 1 2014
30867 743 0.770196 Basilisk 2 186 12 2 2014
20945 1958 0.432814 Pontianak 3 187 29 8 2012
16239 1725 0.820948 Bogeyman 2 188 4 7 2012
15721 1058 0.129307 Griffin 1 189 20 8 2015
27570 1837 0.330699 Basilisk 0 190 1 1 2011
23216 366 0.554735 Zombie 2 191 4 11 2009
10174 709 0.0917692 Basilisk 0 192 30 3 2018
27048 440 0.0219123 Griffin 2 193 10 2 2001
27955 640 0.468734 Hydra 0 194 27 1 2013
16786 908 0.478347 Griffin 3 195 31 6 2018
5362 780 0.523301 Dragon 1 196 6 5 2003
24815 1864 0.631367 Vampire 0 197 8 11 2006
26397 1447 0.139561 Basilisk 3 198 23 10 2010
32128 1896 0.0730308 Dybbuk 3 199 12 11 2011
11028 1228 0.148869 Bogeyman 0 200 2 3 2010
5189 250 0.405194 Phoenix 1 201 9 3 2007
14200 1770 0.454817 Basilisk 0 202 11 4 2008
31105 1626 0.364422 Banshee 0 203 8 8 2012
554 252 0.158238 Zombie 1 204 28 6 2000
26803 502 0.947142 Unicorn 3 205 13 6 2008
12364 1568 0.682302 Zombie 3 206 20 11 2000
5277 74 0.53441 Dragon 1 207 17 7 2002
9791 340 0.897366 Griffin 0 208 1 2 2001
14144 1204 0.0171819 Dybbuk 2 209 19 11 2011
6050 1555 0.246071 Unicorn 1 210 13 6 2019
8668 1200 0.921171 Phoenix 2 211 9 12 2014
5976 892 0.868404 Griffin 2 212 26 3 2006
19700 924 0.531663 Griffin 0 213 26 3 2007
10113 1354 0.726493 Yeti 1 214 18 6 2001
26695 1412 0.018952 Bogeyman 0 215 16 1 2006
18815 524 0.72982 Hydra 2 216 24 1 2015
27351 1446 0.563036 Bogeyman 3 217 6 10 2010
3570 1805 0.860073 Phoenix 3 218 2 3 2004
8933 1103 0.478561 Bogeyman 2 219 7 9 2007
9403 604 0.296274 Chimera 1 220 7 7 2014
17906 1466 0.340068 Unicorn 2 221 24 8 2006
27900 1268 0.539689 Bogeyman 0 222 26 5 2017
191 343 0.106784 Pontianak 1 223 18 3 2003
1301 644 0.538774 Griffin 1 224 23 2 2010
1868 1969 0.247749 Hydra 2 225 18 1 2013
23207 711 0.814386 Hydra 2 226 27 8 2021
9435 1957 0.866787 Zombie 3 227 20 12 2010
14995 908 0.58449 Chimera 0 228 24 2 2006
19437 81 0.827387 Banshee 2 229 27 4 2008
24827 927 0.889492 Banshee 0 230 5 11 2007
9795 1682 0.877926 Dybbuk 2 231 19 12 2016
2368 876 0.71688 Zombie 2 232 25 7 2002
9438 916 0.776452 Dybbuk 2 233 24 3 2009
32257 82 0.12653 Bogeyman 3 234 26 8 2004
4095 1236 0.415845 Basilisk 2 235 21 3 2021
10529 1709 0.375622 Yeti 1 236 16 1 2010
5926 800 0.948729 Pontianak 2 237 15 8 2011
9152 1097 0.0434278 Griffin 1 238 28 5 2003
24853 1557 0.912473 Yeti 1 239 31 4 2022
17984 1317 0.156652 Hydra 3 240 14 3 2016
7117 47 0.354198 Griffin 3 241 7 12 2016
14400 1341 0.314188 Bogeyman 1 242 16 10 2019
3215 28 0.95587 Griffin 1 243 28 12 2021
164 1293 0.81222 Vampire 3 244 7 3 2002
8156 1880 0.159124 Unicorn 0 245 7 11 2005
5514 1396 0.769158 Hydra 3 246 26 9 2020
31092 16 0.290475 Pontianak 1 247 18 4 2009
27733 1214 0.25071 Pontianak 2 248 16 3 2017
1114 738 0.686056 Phoenix 2 249 27 4 2005
2469 1064 0.394879 Chimera 0 250 31 5 2001
717 1339 0.816919 Bogeyman 2 251 12 1 2009
4444 1566 0.536882 Yeti 3 252 1 8 2004
7759 583 0.413709 Phoenix 3 253 12 5 2022
22169 1823 0.334208 Bogeyman 3 254 6 9 2006
30625 260 0.592059 Zombie 3 255 21 2 2015
27584 359 0.891659 Dragon 2 256 14 1 2006
14020 286 0.977142 Vampire 1 257 7 12 2012
12911 1907 0.886227 Unicorn 1 258 23 2 2015
6904 259 0.829035 Pontianak 0 259 25 6 2020
27529 48 0.692221 Dybbuk 0 260 19 12 2021
2751 1167 0.167547 Phoenix 0 261 22 6 2014
18222 1226 0.50618 Dybbuk 0 262 26 8 2021
9179 800 0.897275 Zombie 1 263 6 8 2018
29887 0 0.471999 Chimera 3 264 6 7 2016
19275 530 0.932524 Phoenix 2 265 9 6 2000
13022 446 0.805719 Basilisk 2 266 26 11 2004
15696 1027 0.322336 Yeti 3 267 8 1 2004
24427 1873 0.920743 Banshee 1 268 3 8 2005
7533 1663 0.375713 Banshee 1 269 12 2 2018
1928 374 0.552629 Bogeyman 2 270 2 6 2019
1634 68 0.786218 Hydra 1 271 15 1 2011
30613 1466 0.884365 Yeti 2 272 4 8 2010
6703 766 0.757225 Pontianak 0 273 16 1 2020
19251 106 0.67101 Yeti 1 274 25 3 2002
4630 1499 0.126926 Hydra 0 275 10 4 2020
32067 99 0.365062 Basilisk 1 276 6 6 2008
20120 791 0.493271 Griffin 0 277 5 10 2019
30695 882 0.241157 Vampire 2 278 18 8 2009
26486 1344 0.338939 Phoenix 2 279 10 10 2004
9343 1236 0.521287 Griffin 2 280 6 1 2015
15280 371 0.156377 Yeti 0 281 27 6 2018
31660 694 0.499649 Yeti 1 282 23 2 2006
393 379 0.572832 Dybbuk 2 283 2 6 2021
5456 1093 0.667776 Chimera 1 284 2 8 2022
22144 120 0.475295 Dybbuk 0 285 7 1 2016
14475 1982 0.839351 Chimera 3 286 24 1 2013
20311 1061 0.135533 Zombie 1 287 4 6 2021
27583 1870 0.275399 Phoenix 3 288 25 1 2015
2063 1103 0.335063 Phoenix 1 289 26 2 2000
1163 402 0.809259 Unicorn 3 290 4 4 2004
13289 1060 0.490158 Vampire 1 291 4 4 2003
14290 679 0.971435 Unicorn 3 292 11 2 2013
11622 1601 0.77691 Hydra 2 293 11 3 2016
10677 826 0.114719 Pontianak 1 294 11 9 2009
1606 498 0.256081 Zombie 1 295 24 1 2009
32147 1848 0.539262 Pontianak 1 296 26 3 2015
6027 340 0.998352 Pontianak 3 297 13 2 2021
26127 1039 0.617328 Hydra 1 298 31 10 2009
4470 245 0.20896 Phoenix 1 299 20 4 2001
13578 458 0.918607 Dragon 2 300 8 2 2002
2952 802 0.35313 Dragon 0 301 23 12 2010
27556 1879 0.33491 Dybbuk 0 302 20 4 2004
5250 87 0.280679 Basilisk 1 303 17 3 2007
19006 1267 0.20542 Yeti 1 304 23 6 2008
16997 609 0.351268 Vampire 2 305 3 1 2016
24697 795 0.441511 Dybbuk 1 306 29 7 2008
17009 1790 0.559343 Dragon 2 307 6 4 2021
7479 1484 0.651906 Yeti 2 308 12 10 2004
26920 1675 0.659078 Chimera 0 309 5 9 2005
24216 756 0.267464 Zombie 0 310 16 7 2006
16971 1108 0.289377 Zombie 0 311 11 4 2010
509 1070 0.666494 Unicorn 2 312 13 3 2018
8411 1287 0.0989715 Zombie 2 313 25 12 2003
29704 1944 0.299356 Griffin 2 314 31 3 2006
12057 704 0.871395 Unicorn 1 315 27 11 2014
16537 1664 0.813898 Dragon 3 316 31 5 2016
32389 1789 0.6498 Griffin 1 317 25 5 2015
8913 993 0.179998 Zombie 2 318 3 5 2016
6114 1226 0.86227 Dybbuk 3 319 17 1 2010
5394 121 0.815058 Phoenix 0 320 10 12 2003
2863 900 0.446516 Zombie 0 321 2 5 2001
24828 213 0.708487 Dybbuk 1 322 19 3 2021
32686 1306 0.975158 Hydra 1 323 8 10 2008
12144 515 0.547136 Pontianak 2 324 20 7 2022
17376 1094 0.780419 Dragon 3 325 14 12 2002
6287 670 0.840083 Chimera 1 326 10 6 2018
23941 488 0.0793786 Zombie 0 327 29 5 2001
13243 1365 0.043611 Dragon 3 328 10 3 2002
6560 58 0.098941 Unicorn 3 329 26 6 2004
10133 1875 0.686392 Banshee 0 330 30 5 2021
7280 1836 0.20069 Hydra 3 331 16 7 2015
14844 1942 0.494217 Dybbuk 2 332 19 9 2004
29047 1928 0.00595111 Griffin 3 333 7 6 2018
24595 556 0.515244 Griffin 1 334 13 6 2012
7030 1326 0.52089 Phoenix 2 335 28 12 2022
20027 1664 0.24485 Pontianak 0 336 26 11 2010
9326 1289 0.261391 Chimera 3 337 19 2 2000
2067 1121 0.750725 Yeti 1 338 16 7 2001
11680 918 0.378124 Phoenix 1 339 5 4 2002
28798 698 0.797754 Yeti 3 340 15 9 2022
32652 707 0.781549 Dybbuk 0 341 29 12 2010
22940 1498 0.973144 Unicorn 3 342 5 10 2007
6645 1020 0.266793 Griffin 1 343 10 11 2012
5327 1196 0.811335 Basilisk 1 344 26 1 2022
17370 1967 0.638905 Dragon 1 345 11 1 2009
695 527 0.919034 Phoenix 3 346 10 1 2010
7037 1256 0.83755 Yeti 1 347 12 8 2005
9013 222 0.100253 Unicorn 2 348 14 1 2012
9822 1301 0.0621967 Chimera 2 349 26 9 2021
9579 1032 0.481277 Phoenix 2 350 28 12 2001
24896 1235 0.897214 Bogeyman 1 351 15 5 2013
30649 1592 0.635548 Hydra 0 352 21 3 2016
20514 622 0.436506 Chimera 3 353 16 12 2009
22464 1517 0.708914 Pontianak 3 354 28 1 2015
3655 1475 0.408948 Banshee 2 355 24 8 2013
25185 34 0.544359 Hydra 1 356 5 9 2012
24110 1360 0.303079 Pontianak 1 357 18 5 2013
9150 1238 0.807276 Chimera 2 358 12 3 2004
14745 1250 0.492172 Bogeyman 3 359 10 2 2009
10039 1029 0.110141 Banshee 1 360 11 12 2002
24968 629 0.359386 Bogeyman 3 361 5 2 2012
1902 1131 0.137883 Bogeyman 3 362 10 1 2004
28222 1046 0.422498 Dybbuk 0 363 12 10 2001
32323 1271 0.772637 Chimera 2 364 25 7 2019
24378 755 0.459212 Bogeyman 2 365 13 1 2016
29911 885 0.218665 Zombie 3 366 28 4 2016
11071 265 0.631825 Pontianak 2 367 5 6 2016
5004 369 0.127689 Griffin 2 368 5 12 2005
20556 516 0.612537 Yeti 1 369 21 7 2020
20993 330 0.723624 Unicorn 1 370 4 4 2021
25507 1825 0.708274 Griffin 0 371 27 4 2003
1818 220 0.92761 Dybbuk 1 372 1 1 2017
8644 1902 0.985687 Vampire 0 373 4 3 2020
30965 1587 0.483077 Unicorn 2 374 8 8 2020
32370 792 0.396191 Dragon 2 375 25 5 2022
27893 1326 0.080752 Vampire 1 376 3 3 2013
13484 123 0.90109 Dragon 3 377 2 7 2013
14266 153 0.483627 Dragon 0 378 12 10 2021
22196 1285 0.596271 Chimera 0 379 9 9 2011
19750 17 0.651906 Vampire 0 380 1 10 2018
24075 370 0.83755 Dragon 3 381 27 5 2019
20568 578 0.868099 Phoenix 1 382 22 4 2018
15218 32 0.365368 Zombie 3 383 21 12 2003
9140 1995 0.861965 Hydra 1 384 17 6 2010
26346 1515 0.430067 Dybbuk 3 385 26 10 2003
30936 792 0.935545 Yeti 1 386 17 11 2010
28596 1281 0.916654 Phoenix 3 387 9 10 2021
24743 950 0.0881069 Banshee 1 388 13 2 2007
3152 1646 0.469924 Phoenix 3 389 13 10 2011
23361 242 0.14124 Pontianak 2 390 4 7 2001
10880 496 0.619465 Phoenix 2 391 18 6 2006
26631 553 0.863826 Hydra 3 392 14 12 2008
32581 1299 0.904599 Bogeyman 0 393 30 1 2008
5531 56 0.0968352 Chimera 2 394 23 8 2022
5856 821 0.999451 Phoenix 2 395 30 9 2022
4573 923 0.87878 Yeti 3 396 13 6 2011
25810 1762 0.837855 Bogeyman 1 397 30 3 2010
14831 577 0.570147 Yeti 1 398 23 2 2001
21467 616 0.738487 Dragon 2 399 27 7 2010
10800 630 0.978942 Griffin 1 400 7 5 2009
22013 3 0.52974 Chimera 2 401 27 11 2008
20036 135 0.485214 Pontianak 1 402 14 8 2016
29817 225 0.674734 Unicorn 2 403 27 4 2020
28937 225 0.166478 Dybbuk 2 404 21 9 2007
24528 1438 0.396435 Zombie 0 405 8 3 2008
19618 1201 0.922391 Zombie 0 406 10 11 2017
32707 1672 0.802576 Pontianak 3 407 15 8 2016
6767 1940 0.599872 Phoenix 1 408 24 1 2014
851 235 0.0105289 Banshee 2 409 20 1 2004
8977 1303 0.118168 Dybbuk 1 410 24 11 2002
28864 1733 0.272622 Basilisk 0 411 6 10 2012
20074 1991 0.593829 Yeti 2 412 11 7 2008
13709 243 0.100772 Pontianak 0 413 17 5 2020
13210 113 0.465499 Vampire 1 414 8 12 2020
13945 97 0.391766 Hydra 2 415 21 11 2018
10498 1042 0.619251 Vampire 2 416 15 9 2018
24454 1292 0.552141 Vampire 2 417 20 1 2002
21572 1287 0.513352 Unicorn 3 418 6 10 2000
13300 1202 0.623188 Chimera 3 419 15 12 2010
14912 1742 0.303354 Banshee 0 420 4 8 2010
24134 128 0.405896 Chimera 1 421 17 4 2014
20248 930 0.967101 Hydra 3 422 7 4 2017
16443 1938 0.5862 Dragon 1 423 10 2 2016
1579 417 0.429609 Vampire 0 424 10 12 2016
726 1781 0.859584 Zombie 0 425 29 9 2011
25116 360 0.688253 Dybbuk 1 426 25 11 2007
9814 871 0.0564592 Phoenix 3 427 26 8 2012
1228 148 0.937681 Unicorn 3 428 5 8 2007
4669 1429 0.266915 Griffin 0 429 15 5 2004
16218 882 0.694723 Yeti 2 430 18 3 2015
9547 91 0.96588 Chimera 2 431 24 5 2019
8745 159 0.923551 Vampire 0 432 22 2 2008
17795 230 0.137944 Dybbuk 0 433 29 4 2019
3290 1481 0.160497 Unicorn 1 434 3 4 2019
28708 596 0.40257 Griffin 1 435 28 4 2022
15948 1963 0.639363 Griffin 3 436 2 12 2002
18865 562 0.13889 Yeti 0 437 2 10 2006
25763 355 0.415967 Zombie 3 438 3 2 2009
11753 604 0.61092 Phoenix 0 439 29 2 2006
11581 1982 0.493606 Vampire 1 440 16 7 2007
16333 16 0.0923185 Banshee 0 441 21 2 2014
21692 1690 0.947691 Vampire 2 442 5 9 2016
31136 1082 0.991577 Dragon 0 443 22 7 2016
14082 1858 0.0509659 Bogeyman 1 444 3 7 2011
15586 631 0.976959 Dybbuk 1 445 17 10 2002
24368 1348 0.39845 Chimera 0 446 2 4 2012
25171 1910 0.101382 Hydra 0 447 3 3 2008
6053 1213 0.0324107 Basilisk 3 448 5 4 2012
18933 897 0.927793 Yeti 2 449 18 4 2022
31236 1179 0.56737 Yeti 1 450 15 8 2011
27401 951 0.653554 Bogeyman 0 451 29 1 2013
32558 121 0.315104 Zombie 3 452 28 9 2000
25616 821 0.236061 Yeti 3 453 19 5 2000
3906 1477 0.409711 Chimera 3 454 8 9 2008
2763 1287 0.517411 Dragon 0 455 4 3 2003
4515 333 0.932524 Hydra 2 456 18 12 2019
31802 1787 0.349376 Vampire 1 457 20 5 2007
31986 1756 0.03708 Dragon 0 458 5 11 2022
11424 445 0.718589 Hydra 1 459 20 3 2018
26382 1121 0.0743126 Dragon 3 460 18 7 2006
30588 699 0.871426 Griffin 3 461 18 7 2016
5402 743 0.717338 Chimera 0 462 1 1 2009
12176 1170 0.439009 Hydra 2 463 14 6 2000
2934 668 0.0864895 Bogeyman 3 464 6 11 2021
11997 909 0.562212 Banshee 1 465 12 5 2010
7620 1614 0.874508 Unicorn 1 466 23 5 2016
26275 652 0.0167547 Bogeyman 0 467 15 8 2005
32484 1144 0.471236 Banshee 0 468 26 8 2019
28517 986 0.338023 Unicorn 0 469 3 5 2015
20727 1993 0.0889004 Yeti 1 470 3 9 2018
6370 68 0.946257 Griffin 1 471 25 9 2007
13663 1932 0.88699 Pontianak 0 472 28 9 2014
31260 1176 0.271371 Zombie 2 473 23 8 2021
23740 1024 0.0971099 Phoenix 3 474 5 10 2004
340 1810 0.87814 Vampire 3 475 15 4 2003
5871 864 0.148381 Dragon 3 476 27 8 2008
1035 480 0.591021 Chimera 2 477 13 6 2022
25370 763 0.792016 Unicorn 0 478 25 8 2016
20225 1183 0.619282 Zombie 2 479 19 6 2004
32668 989 0.226447 Zombie 0 480 5 3 2015
13881 1578 0.681936 Chimera 1 481 7 7 2011
31257 1714 0.222571 Hydra 3 482 2 6 2021
9458 1009 0.132786 Banshee 1 483 9 3 2001
16239 1033 0.24836 Griffin 3 484 9 3 2008
11694 1903 0.0853908 Hydra 1 485 9 10 2012
11201 1133 0.594195 Vampire 0 486 29 2 2001
6702 1793 0.538102 Banshee 0 487 22 7 2014
6767 13 0.497574 Pontianak 0 488 26 4 2003
31603 1029 0.498947 Zombie 1 489 24 4 2020
30235 725 0.26838 Phoenix 3 490 13 6 2001
14781 488 0.110813 Phoenix 3 491 1 10 2004
18597 321 0.41377 Unicorn 3 492 9 1 2003
9359 54 0.77633 Basilisk 2 493 29 5 2015
19246 1872 0.763054 Zombie 1 494 23 3 2019
680 1565 0.282846 Vampire 2 495 14 12 2007
30231 1870 0.592883 Pontianak 1 496 11 8 2011
8714 521 0.927549 Dybbuk 2 497 28 1 2022
4354 1479 0.75219 Dybbuk 1 498 27 5 2017
26614 871 0.642293 Dybbuk 2 499 8 8 2016
17103 250 0.787133 Basilisk 2 500 18 7 2013
24813 1653 0.118809 Chimera 3 501 1 12 2007
8608 595 0.0661336 Pontianak 0 502 1 12 2003
20655 1776 0.933592 Dragon 3 503 22 3 2008
17109 270 0.904965 Bogeyman 0 504 20 7 2001
16959 196 0.67272 Chimera 1 505 17 6 2005
19215 1786 0.691519 Basilisk 0 506 12 3 2006
6108 863 0.0572832 Basilisk 3 507 4 9 2006
32303 1955 0.0110477 Phoenix 1 508 8 8 2000
6920 269 0.0679647 Banshee 3 509 27 2 2003
20311 1302 0.771111 Pontianak 3 510 3 12 2020
3204 1628 0.0703452 Hydra 0 511 26 10 2018
28903 1312 0.326395 Vampire 0 512 4 6 2000
13392 1048 0.939634 Yeti 1 513 8 5 2008
25729 605 0.603992 Yeti 1 514 15 5 2001
29103 318 0.185858 Chimera 1 515 6 1 2007
2821 492 0.228156 Pontianak 2 516 31 9 2022
19232 1853 0.0788903 Basilisk 3 517 4 3 2010
13460 1609 0.645466 Unicorn 0 518 24 11 2018
32357 399 0.773278 Yeti 3 519 20 12 2022
12431 1937 0.249763 Chimera 2 520 22 12 2010
4223 1988 0.433332 Vampire 2 521 29 12 2006
23960 209 0.507126 Dragon 2 522 8 9 2021
23983 246 0.358165 Dragon 0 523 18 1 2010
14735 230 0.0809351 Banshee 0 524 1 12 2008
10614 1973 0.106632 Yeti 0 525 3 4 2019
29078 1517 0.956816 Unicorn 3 526 9 9 2012
11924 987 0.622425 Banshee 3 527 16 5 2013
29196 243 0.567644 Dybbuk 0 528 24 9 2001
12044 776 0.358867 Dragon 0 529 3 2 2017
30356 1557 0.918577 Pontianak 1 530 7 9 2017
1053 967 0.404187 Banshee 1 531 28 12 2019
6671 224 0.712058 Chimera 3 532 28 11 2003
11849 581 0.606281 Dybbuk 3 533 14 3 2022
26269 1873 0.472732 Griffin 2 534 15 6 2002
25937 208 0.697867 Chimera 0 535 10 1 2002
26015 709 0.672597 Chimera 0 536 10 9 2000
10293 20 0.421369 Chimera 3 537 22 3 2012
12214 457 0.855861 Dybbuk 1 538 13 9 2009
19768 719 0.654042 Dragon 3 539 8 6 2010
31940 378 0.764031 Zombie 3 540 28 5 2013
4569 1246 0.532884 Vampire 3 541 14 10 2018
13289 213 0.460799 Basilisk 3 542 18 3 2012
10970 1724 0.579669 Hydra 2 543 11 9 2003
31622 663 0.457228 Unicorn 1 544 21 9 2015
21564 1017 0.825892 Banshee 0 545 8 4 2018
18749 1565 0.836604 Hydra 3 546 13 11 2000
24896 128 0.937834 Yeti 2 547 8 3 2002
29166 676 0.379437 Unicorn 1 548 20 2 2020
19558 1150 0.341563 Bogeyman 1 549 25 8 2021
14779 617 0.688589 Bogeyman 1 550 14 7 2002
18289 817 0.347911 Unicorn 2 551 17 12 2019
25603 1049 0.314096 Hydra 3 552 25 8 2010
19296 1142 0.277474 Chimera 2 553 22 8 2007
17257 1457 0.878323 Pontianak 1 554 8 1 2009
10357 1897 0.585589 Basilisk 2 555 30 4 2000
18894 1326 0.200873 Vampire 0 556 9 11 2008
5681 167 0.987396 Pontianak 3 557 23 6 2008
6225 622 0.423658 Dybbuk 0 558 11 3 2004
17237 1918 0.58272 Pontianak 3 559 6 10 2020
3925 1500 0.135777 Phoenix 3 560 4 2 2003
26081 1387 0.981262 Yeti 1 561 18 11 2021
24187 326 0.498642 Bogeyman 1 562 13 10 2017
19224 650 0.427412 Bogeyman 0 563 31 12 2001
5282 313 0.370952 Basilisk 0 564 16 2 2021
26489 1945 0.925413 Unicorn 3 565 31 3 2009
12269 306 0.433607 Vampire 1 566 2 5 2010
26310 1076 0.364116 Hydra 1 567 5 12 2021
11709 959 0.314859 Bogeyman 0 568 17 3 2011
15360 664 0.642293 Bogeyman 2 569 25 5 2008
6833 1211 0.71514 Banshee 2 570 30 2 2007
12648 1860 0.79342 Zombie 2 571 16 7 2011
8876 308 0.532212 Dragon 2 572 15 9 2002
30846 1586 0.110691 Bogeyman 0 573 26 2 2006
8399 439 0.986053 Banshee 3 574 28 3 2014
14852 1185 0.272195 Banshee 0 575 26 5 2017
12153 754 0.74395 Dybbuk 2 576 15 8 2014
9724 1966 0.465651 Vampire 3 577 28 7 2018
14413 1072 0.045381 Unicorn 1 578 16 1 2019
933 1381 0.513627 Banshee 2 579 2 5 2003
1068 831 0.827235 Hydra 0 580 26 12 2005
16768 276 0.998413 Bogeyman 3 581 28 2 2016
19253 637 0.848506 Zombie 2 582 18 12 2014
1360 295 0.387036 Pontianak 1 583 1 1 2001
17611 1365 0.815546 Zombie 1 584 25 8 2005
15381 1436 0.156407 Chimera 2 585 24 7 2000
14223 182 0.506943 Chimera 0 586 31 8 2019
10767 1455 0.918149 Zombie 0 587 23 11 2014
2400 555 0.898587 Hydra 0 588 23 9 2004
31424 1582 0.543535 Hydra 2 589 15 4 2007
20321 898 0.288553 Banshee 2 590 16 9 2019
20713 837 0.288736 Vampire 3 591 4 12 2005
24050 121 0.422285 Banshee 2 592 31 7 2003
22155 834 0.919706 Dybbuk 3 593 31 7 2011
22709 1499 0.61742 Bogeyman 1 594 1 10 2004
19687 402 0.837031 Basilisk 2 595 6 8 2009
17034 1463 0.888882 Phoenix 2 596 29 6 2022
7293 224 0.201178 Banshee 3 597 10 10 2015
3474 840 0.0738243 Phoenix 3 598 13 12 2015
25871 92 0.0573443 Phoenix 2 599 30 10 2022
11055 733 0.956786 Chimera 0 600 30 6 2000
3486 305 0.460524 Yeti 0 601 15 3 2009
7169 65 0.39436 Phoenix 0 602 19 7 2017
21611 1996 0.600391 Zombie 2 603 15 4 2017
32745 995 0.440657 Phoenix 0 604 16 6 2000
24311 1771 0.92645 Dybbuk 1 605 18 3 2017
9736 462 0.471877 Unicorn 2 606 18 11 2014
18947 1722 0.272958 Vampire 2 607 28 12 2022
7360 65 0.311502 Unicorn 3 608 3 11 2016
14735 839 0.984008 Dybbuk 3 609 23 5 2018
16818 71 0.355388 Dragon 3 610 10 8 2021
26845 559 0.0382397 Phoenix 3 611 8 7 2020
20925 671 0.696524 Hydra 0 612 5 1 2001
14959 174 0.174383 Zombie 1 613 3 3 2013
30980 1381 0.250252 Vampire 2 614 26 9 2019
18435 1777 0.0156255 Vampire 0 615 24 9 2015
25319 1061 0.879147 Griffin 3 616 10 4 2021
29341 1350 0.195166 Basilisk 3 617 23 7 2004
18952 94 0.518021 Unicorn 0 618 6 3 2008
29309 1098 0.480758 Chimera 1 619 18 2 2000
2119 1628 0.299051 Dragon 1 620 3 12 2022
26403 233 0.900113 Zombie 1 621 29 2 2001
9925 1595 0.676565 Griffin 3 622 13 10 2000
26449 688 0.865505 Basilisk 3 623 30 5 2010
28131 1050 0.552202 Vampire 1 624 2 12 2017
4361 829 0.299142 Griffin 0 625 30 12 2015
30019 21 0.399884 Unicorn 1 626 22 6 2018
6537 701 0.757988 Hydra 1 627 3 8 2014
13253 920 0.39079 Hydra 3 628 26 5 2008
23893 668 0.558641 Unicorn 3 629 31 1 2003
3979 722 0.518357 Unicorn 2 630 5 11 2016
28717 968 0.902585 Zombie 3 631 10 5 2006
28149 1279 0.723289 Vampire 3 632 5 4 2022
11537 1421 0.00100711 Phoenix 2 633 11 8 2009
17316 1964 0.0185247 Zombie 1 634 30 12 2009
17987 841 0.199927 Griffin 2 635 27 1 2008
9337 917 0.614368 Zombie 2 636 22 11 2018
21828 280 0.105075 Hydra 2 637 12 11 2020
21398 761 0.0432447 Pontianak 2 638 11 7 2000
27349 1815 0.706961 Hydra 1 639 5 8 2014
21339 308 0.284982 Dybbuk 3 640 6 6 2006
7927 885 0.505844 Banshee 2 641 14 8 2011
30058 1811 0.891598 Basilisk 1 642 17 6 2002
8426 140 0.636769 Basilisk 0 643 16 5 2001
27299 1907 0.112339 Griffin 3 644 10 3 2018
18225 555 0.994568 Dragon 3 645 29 12 2004
21287 560 0.0187994 Bogeyman 3 646 23 6 2012
8075 1743 0.358745 Vampire 3 647 12 10 2018
20055 617 0.629872 Pontianak 1 648 29 12 2005
32506 1364 0.518693 Basilisk 3 649 6 7 2004
2773 906 0.0365307 Banshee 3 650 12 11 2015
4543 1304 0.398511 Dragon 3 651 4 9 2021
22145 1792 0.527268 Yeti 1 652 26 2 2018
27482 296 0.182043 Banshee 0 653 24 8 2008
11901 1656 0.712607 Bogeyman 1 654 21 4 2015
5774 1951 0.437971 Phoenix 3 655 9 11 2013
20264 1535 0.650502 Basilisk 3 656 26 1 2018
9562 1853 0.244667 Bogeyman 1 657 3 1 2017
17445 1906 0.971068 Hydra 1 658 3 11 2007
16640 1724 0.315256 Banshee 0 659 11 8 2019
30805 862 0.00173956 Hydra 0 660 28 1 2012
14849 1452 0.122745 Hydra 3 661 21 4 2016
17880 896 0.892239 Basilisk 0 662 30 6 2002
6174 952 0.0247505 Griffin 0 663 24 3 2022
1551 1541 0.739463 Unicorn 3 664 26 6 2001
10840 493 0.388806 Unicorn 1 665 3 10 2010
8603 618 0.712668 Yeti 2 666 21 10 2011
5871 105 0.717124 Hydra 1 667 8 10 2001
8286 252 0.17835 Bogeyman 1 668 22 7 2009
27493 1592 0.771661 Dragon 3 669 27 11 2003
14712 280 0.825251 Vampire 1 670 25 3 2017
11387 1176 0.699179 Griffin 3 671 7 11 2008
25418 1963 0.789361 Banshee 0 672 11 1 2019
26162 1046 0.156224 Yeti 2 673 20 11 2009
25462 2 0.778985 Basilisk 3 674 23 8 2017
15307 1070 0.434126 Unicorn 0 675 12 11 2002
24284 250 0.199652 Banshee 2 676 28 8 2005
30663 669 0.58385 Bogeyman 0 677 3 5 2000
27037 1424 0.279214 Pontianak 3 678 1 3 2001
7142 673 0.541307 Hydra 2 679 13 6 2018
5915 513 0.192724 Griffin 3 680 10 4 2005
28970 423 0.251991 Dybbuk 0 681 26 2 2009
2550 1099 0.187506 Phoenix 2 682 8 2 2013
6100 1323 0.796381 Vampire 1 683 31 8 2011
1040 761 0.708243 Vampire 1 684 20 9 2007
5989 250 0.514451 Zombie 3 685 17 3 2022
30344 1561 0.521744 Pontianak 2 686 30 10 2022
28318 338 0.131169 Bogeyman 3 687 24 4 2001
4545 520 0.842189 Vampire 2 688 2 6 2021
9088 848 0.881222 Banshee 3 689 1 2 2013
21852 1331 0.455916 Hydra 1 690 25 3 2004
21323 1488 0.63393 Bogeyman 2 691 17 4 2018
8248 535 0.846706 Dybbuk 1 692 20 9 2021
17025 1056 0.0184942 Dragon 3 693 31 11 2014
16504 1842 0.320383 Banshee 3 694 11 1 2004
27875 988 0.548936 Zombie 2 695 3 2 2002
893 1231 0.130253 Dragon 3 696 18 4 2002
5490 1233 0.748924 Bogeyman 3 697 8 8 2015
17894 1276 0.601733 Banshee 3 698 12 3 2000
22127 1037 0.276864 Bogeyman 1 699 7 3 2006
918 1014 0.257576 Yeti 3 700 2 4 2007
12634 653 0.0511185 Chimera 0 701 19 3 2014
26542 1499 0.942778 Chimera 1 702 17 6 2001
7926 285 0.374615 Griffin 1 703 24 10 2000
23693 1974 0.949614 Griffin 1 704 8 8 2002
8002 571 0.0601825 Griffin 1 705 30 9 2005
7126 357 0.142552 Griffin 1 706 18 3 2014
18816 1827 0.555315 Vampire 1 707 18 9 2017
15978 950 0.0834681 Vampire 2 708 16 6 2016
23601 1459 0.0673238 Banshee 2 709 7 2 2011
19560 148 0.156407 Chimera 0 710 9 3 2012
19734 743 0.688345 Yeti 2 711 19 6 2004
19763 1693 0.692709 Hydra 0 712 1 4 2001
22831 1005 0.520127 Hydra 0 713 7 10 2015
22379 383 0.0959197 Zombie 1 714 13 5 2011
5310 97 0.79931 Vampire 2 715 24 3 2017
8434 1477 0.966979 Griffin 1 716 6 7 2009
31557 1345 0.022248 Pontianak 2 717 30 9 2008
3816 1790 0.228919 Chimera 0 718 27 4 2007
32642 329 0.0701315 Dragon 0 719 31 10 2014
17838 1253 0.252205 Pontianak 1 720 10 3 2008
7033 1063 0.333781 Bogeyman 0 721 12 10 2003
14566 1545 0.979492 Yeti 2 722 14 3 2003
24682 935 0.838954 Vampire 1 723 10 7 2005
15216 421 0.0506302 Chimera 3 724 24 4 2013
1749 727 0.370952 Dybbuk 3 725 18 6 2001
3949 40 0.927915 Basilisk 1 726 3 7 2017
32381 1556 0.600085 Phoenix 3 727 25 8 2002
30271 1597 0.0206915 Banshee 3 728 31 2 2011
32353 1353 0.206275 Hydra 2 729 16 10 2010
16518 883 0.810755 Unicorn 0 730 21 8 2009
5315 582 0.00424207 Dybbuk 1 731 14 8 2001
24099 149 0.977081 Zombie 1 732 13 12 2006
14116 1174 0.0685141 Griffin 1 733 10 7 2015
28215 898 0.52089 Pontianak 0 734 7 6 2020
21060 86 0.858333 Phoenix 3 735 11 6 2021
20260 1589 0.890713 Griffin 2 736 16 11 2017
23078 404 0.342662 Unicorn 0 737 1 12 2016
11914 589 0.107334 Dragon 3 738 22 5 2010
23049 125 0.12537 Yeti 2 739 21 11 2001
6475 181 0.888821 Griffin 1 740 24 7 2000
1135 173 0.569994 Basilisk 0 741 27 12 2016
2951 1980 0.775475 Basilisk 0 742 3 4 2007
17177 1969 0.924863 Unicorn 1 743 16 3 2005
159 1406 0.25483 Pontianak 2 744 24 4 2001
18184 1591 0.448012 Unicorn 0 745 31 10 2001
821 1239 0.886807 Yeti 0 746 16 1 2010
6268 1340 0.532365 Griffin 0 747 3 2 2019
15656 1190 0.42848 Phoenix 2 748 2 6 2016
9976 1756 0.8305 Bogeyman 1 749 17 11 2020
1948 1287 0.959227 Bogeyman 1 750 30 10 2010
22843 1636 0.379803 Bogeyman 0 751 20 11 2009
31471 678 0.00564592 Pontianak 0 752 7 8 2002
7495 1442 0.727439 Chimera 2 753 25 3 2006
32452 1490 0.666738 Yeti 2 754 21 12 2013
30813 1779 0.055269 Pontianak 0 755 11 7 2020
23035 1463 0.738609 Vampire 0 756 27 8 2014
5885 643 0.305063 Hydra 3 757 31 2 2017
17078 433 0.839717 Bogeyman 0 758 21 2 2013
23786 368 0.303232 Phoenix 0 759 17 7 2016
28245 351 0.535783 Unicorn 3 760 23 12 2005
29987 1334 0.885952 Phoenix 0 761 15 3 2012
8569 1917 0.464705 Zombie 1 762 6 10 2016
25067 450 0.0242317 Bogeyman 0 763 17 9 2019
16387 1368 0.461806 Dybbuk 3 764 13 1 2009
3265 402 0.948851 Pontianak 2 765 15 4 2001
23829 1420 0.684561 Phoenix 0 766 14 2 2016
22119 1827 0.275216 Phoenix 1 767 20 9 2014
19215 1752 0.737724 Vampire 3 768 23 3 2007
9949 257 0.128666 Banshee 0 769 14 7 2006
11155 1176 0.798334 Banshee 1 770 21 7 2015
32102 1210 0.269295 Dybbuk 2 771 8 5 2019
32640 1193 0.740684 Yeti 0 772 12 9 2020
129 986 0.216803 Phoenix 2 773 24 5 2000
14074 1864 0.261299 Yeti 1 774 4 9 2020
3568 63 0.375835 Banshee 0 775 24 7 2019
16735 1362 0.00408948 Dragon 0 776 5 12 2001
19124 1893 0.16071 Bogeyman 1 777 25 2 2014
7506 612 0.68511 Basilisk 3 778 4 4 2013
13070 1530 0.120518 Vampire 2 779 19 9 2002
26803 1610 0.217719 Basilisk 2 780 27 1 2001
10879 730 0.0641194 Yeti 0 781 31 5 2014
28835 531 0.83755 Pontianak 3 782 31 11 2018
3015 739 0.185186 Hydra 0 783 8 1 2001
16772 1275 0.227485 Pontianak 2 784 13 2 2012
14568 465 0.187078 Unicorn 3 785 28 4 2008
14070 1647 0.642689 Pontianak 2 786 2 4 2007
11044 1266 0.408002 Hydra 2 787 7 11 2004
3035 1372 0.0355846 Zombie 1 788 19 7 2019
762 51 0.94586 Vampire 3 789 29 5 2011
27218 1503 0.180853 Bogeyman 2 790 25 9 2016
6187 1136 0.783349 Vampire 1 791 30 9 2008
31679 437 0.80047 Vampire 2 792 11 10 2012
2490 886 0.912931 Chimera 3 793 24 5 2007
30912 1323 0.68862 Hydra 2 794 17 11 2017
19942 1891 0.461806 Bogeyman 0 795 4 5 2008
14648 1150 0.836848 Zombie 2 796 22 5 2001
16946 51 0.817042 Pontianak 3 797 27 8 2005
17479 315 0.558824 Griffin 3 798 27 2 2000
15197 452 0.750359 Griffin 3 799 9 1 2017
24654 943 0.615619 Dybbuk 3 800 17 6 2011
5481 1379 0.54326 Pontianak 3 801 27 5 2014
8943 599 0.340495 Zombie 3 802 5 1 2000
17303 28 0.112033 Chimera 3 803 31 3 2010
266 1697 0.764031 Unicorn 3 804 27 7 2017
24679 1916 0.132786 Basilisk 0 805 14 2 2020
24256 1048 0.739006 Bogeyman 1 806 31 6 2000
15772 1969 0.166295 Griffin 3 807 31 8 2022
8051 1274 0.0654927 Dybbuk 2 808 24 8 2017
29749 1623 0.783197 Hydra 1 809 7 9 2017
13763 516 0.615864 Phoenix 2 810 28 7 2014
29812 381 0.688772 Unicorn 3 811 29 3 2015
13201 451 0.459731 Hydra 2 812 8 11 2011
5594 1213 0.848201 Banshee 3 813 29 11 2000
23039 1236 0.988983 Zombie 1 814 14 9 2009
10024 582 0.611316 Banshee 0 815 16 2 2002
10605 1988 0.0426954 Unicorn 1 816 14 3 2011
32350 613 0.837794 Unicorn 0 817 9 8 2019
29052 497 0.0323191 Yeti 2 818 9 4 2001
2238 1574 0.0220344 Basilisk 1 819 16 11 2020
24846 1398 0.0665609 Vampire 3 820 17 3 2004
23242 662 0.418287 Vampire 3 821 1 8 2014
5699 1729 0.0763268 Dragon 1 822 1 12 2013
16449 1107 0.16541 Griffin 2 823 21 11 2002
11901 335 0.939817 Hydra 2 824 19 12 2002
19493 1722 0.412152 Griffin 1 825 31 11 2021
22107 1118 0.607471 Banshee 3 826 13 4 2020
26806 1847 0.442 Hydra 0 827 26 2 2001
22976 1209 0.227088 Basilisk 0 828 27 6 2008
26487 1064 0.798181 Basilisk 0 829 31 12 2015
13260 526 0.268624 Zombie 3 830 3 6 2017
4391 1209 0.408704 Unicorn 2 831 27 8 2010
7905 1642 0.649403 Bogeyman 0 832 17 9 2006
13768 1480 0.711356 Bogeyman 3 833 28 12 2006
9375 1803 0.858882 Chimera 1 834 25 12 2005
15515 289 0.77868 Bogeyman 0 835 16 9 2000
11751 172 0.0838649 Unicorn 3 836 28 12 2001
13345 1138 0.442946 Chimera 2 837 18 3 2009
4827 1243 0.333476 Vampire 2 838 10 7 2008
25115 167 0.421247 Yeti 2 839 27 4 2003
10971 854 0.564013 Vampire 3 840 8 9 2005
21385 1262 0.440443 Hydra 2 841 29 1 2013
23688 360 0.804071 Dragon 1 842 15 7 2014
27822 371 0.362133 Unicorn 1 843 21 10 2006
11716 1424 0.279519 Pontianak 3 844 27 2 2017
30985 452 0.307657 Banshee 2 845 29 2 2019
21423 1881 0.538469 Zombie 2 846 2 11 2001
15196 413 0.783166 Dragon 0 847 2 11 2020
17066 833 0.576281 Banshee 0 848 3 4 2015
32168 828 0.804559 Chimera 2 849 18 5 2016
15959 982 0.960692 Pontianak 2 850 30 12 2012
8493 717 0.0224616 Dybbuk 0 851 28 7 2009
27030 483 0.956572 Dybbuk 0 852 10 2 2003
11886 190 0.847407 Yeti 2 853 27 3 2021
22152 823 0.651112 Banshee 0 854 3 11 2012
25898 1227 0.57448 Banshee 3 855 9 6 2017
5774 525 0.0787683 Dybbuk 2 856 1 6 2014
19555 322 0.508713 Banshee 3 857 26 4 2010
19018 1476 0.346263 Dybbuk 0 858 12 2 2005
16986 800 0.0897855 Dybbuk 3 859 10 7 2015
12701 23 0.757622 Yeti 2 860 17 2 2002
3216 689 0.0172124 Chimera 1 861 17 12 2007
15270 533 0.939055 Hydra 2 862 23 1 2010
26566 274 0.375286 Yeti 0 863 30 4 2017
5832 794 0.964049 Bogeyman 1 864 13 4 2013
6140 1505 0.758019 Chimera 2 865 5 11 2005
16547 1266 0.478439 Zombie 3 866 5 10 2010
30836 474 0.394116 Griffin 0 867 14 3 2013
5657 1564 0.825251 Hydra 2 868 5 6 2003
2991 1899 0.272256 Yeti 0 869 24 12 2014
25418 163 0.169805 Zombie 2 870 22 12 2010
2926 369 0.265694 Yeti 1 871 28 9 2007
29591 582 0.624683 Basilisk 1 872 7 1 2014
30898 1752 0.257515 Pontianak 2 873 17 1 2020
8610 161 0.374706 Phoenix 0 874 14 2 2016
11196 1213 0.265572 Pontianak 3 875 16 5 2015
26442 1008 0.802057 Zombie 3 876 9 8 2000
25612 1390 0.567553 Hydra 0 877 22 8 2010
28083 946 0.611011 Pontianak 0 878 12 9 2012
22628 1176 0.825739 Unicorn 0 879 15 9 2012
7483 1987 0.953276 Zombie 3 880 27 5 2010
18117 1591 0.212317 Phoenix 3 881 13 6 2011
11653 351 0.552721 Yeti 2 882 22 5 2020
1136 1641 0.534257 Zombie 2 883 1 7 2011
13681 1877 0.830561 Pontianak 1 884 20 6 2019
3558 1114 0.358165 Chimera 2 885 3 10 2010
15137 497 0.0302133 Dybbuk 2 886 17 1 2017
5863 1207 0.135502 Yeti 1 887 15 4 2022
17396 719 0.342387 Vampire 2 888 8 8 2021
6774 399 0.327525 Basilisk 2 889 26 6 2021
25742 1646 0.0299997 Zombie 1 890 2 3 2019
27346 460 0.530168 Phoenix 3 891 4 12 2014
20685 74 0.553392 Banshee 1 892 12 7 2021
16765 637 0.5992 Basilisk 1 893 5 4 2015
27604 816 0.694998 Bogeyman 2 894 13 5 2010
20280 1663 0.775109 Zombie 2 895 10 11 2011
22531 877 0.684591 Zombie 2 896 24 11 2009
19460 702 0.808191 Bogeyman 1 897 9 6 2014
1788 701 0.324198 Zombie 1 898 29 12 2022
1825 296 0.0834376 Dybbuk 1 899 14 5 2006
18846 1119 0.113132 Dybbuk 1 900 5 3 2020
30481 1913 0.74575 Chimera 2 901 19 10 2014
24588 1519 0.372936 Bogeyman 3 902 27 4 2021
18838 1823 0.82461 Unicorn 1 903 26 1 2016
2471 170 0.372478 Dybbuk 3 904 11 9 2014
29615 1110 0.359355 Banshee 2 905 20 12 2007
5391 1629 0.452803 Basilisk 3 906 14 1 2014
16797 1388 0.524155 Phoenix 0 907 31 12 2006
28709 917 0.152318 Unicorn 3 908 5 3 2005
26339 509 0.752831 Dybbuk 3 909 24 6 2014
14346 607 0.331645 Dybbuk 1 910 4 3 2004
3649 1351 0.86404 Chimera 0 911 12 10 2009
18720 696 0.298624 Banshee 2 912 13 6 2008
27063 1382 0.186163 Dragon 1 913 15 2 2020
20231 1549 0.93347 Phoenix 2 914 5 9 2003
17031 56 0.682363 Unicorn 1 915 15 7 2020
21665 1755 0.813593 Pontianak 2 916 1 2 2014
2354 1145 0.0755943 Dragon 2 917 9 2 2001
21517 463 0.338633 Bogeyman 1 918 31 8 2014
25977 295 0.97354 Yeti 2 919 26 3 2006
18094 1398 0.855617 Yeti 1 920 28 2 2008
18012 431 0.993652 Griffin 0 921 22 12 2018
13605 573 0.783715 Pontianak 2 922 2 4 2003
29214 1309 0.88818 Bogeyman 3 923 30 5 2015
18258 1537 0.739463 Bogeyman 3 924 30 8 2007
5694 622 0.669088 Dybbuk 2 925 12 5 2010
21590 319 0.66155 Zombie 1 926 25 1 2019
22398 320 0.733146 Zombie 0 927 16 3 2008
29330 372 0.936033 Griffin 3 928 6 6 2010
25055 15 0.986908 Banshee 1 929 28 12 2010
1960 1357 0.521165 Banshee 3 930 22 7 2016
30882 233 0.971648 Zombie 2 931 1 3 2003
22648 1783 0.072512 Banshee 1 932 18 5 2005
1608 891 0.988372 Dragon 0 933 26 7 2003
6435 1791 0.0679037 Bogeyman 3 934 9 9 2013
11409 1473 0.222968 Dragon 0 935 8 6 2000
32011 98 0.932432 Griffin 1 936 7 9 2007
21631 744 0.871029 Banshee 3 937 28 8 2008
18128 1709 0.163335 Phoenix 2 938 5 4 2001
15955 1838 0.262825 Unicorn 2 939 25 3 2019
22611 1629 0.455367 Vampire 3 940 4 9 2020
4494 288 0.988556 Dybbuk 2 941 26 4 2019
17078 880 0.825343 Dragon 3 942 25 5 2019
27889 650 0.0230415 Zombie 1 943 14 12 2007
22105 1905 0.737388 Banshee 0 944 12 3 2009
30332 1913 0.851039 Bogeyman 2 945 10 11 2000
13021 1822 0.227882 Bogeyman 2 946 28 9 2017
27506 444 0.591845 Vampire 0 947 28 3 2007
22308 132 0.0305795 Bogeyman 0 948 5 9 2014
12370 1997 0.124668 Phoenix 2 949 4 1 2016
12622 1968 0.701407 Griffin 3 950 4 7 2020
24798 1435 0.213507 Phoenix 3 951 29 5 2014
11964 1504 0.743492 Zombie 1 952 19 4 2010
24599 131 0.632069 Griffin 3 953 1 5 2010
19472 735 0.732353 Dybbuk 3 954 2 6 2012
26686 1057 0.288766 Zombie 2 955 12 6 2012
9514 1659 0.440748 Unicorn 1 956 29 4 2000
6867 355 0.351878 Yeti 3 957 29 5 2003
1323 1521 0.963652 Zombie 1 958 15 5 2018
4249 1957 0.374401 Hydra 2 959 3 6 2001
30325 991 0.843348 Vampire 3 960 11 5 2005
27023 1925 0.419172 Bogeyman 0 961 19 11 2005
21160 1408 0.194311 Banshee 1 962 3 5 2022
23799 767 0.18363 Bogeyman 2 963 28 9 2014
21157 34 0.828425 Zombie 0 964 2 10 2022
18770 1313 0.125156 Dybbuk 2 965 30 12 2001
7822 691 0.379681 Zombie 0 966 23 6 2020
17504 1031 0.585833 Griffin 3 967 23 2 2021
24003 78 0.429456 Zombie 3 968 14 9 2003
11044 671 0.917447 Griffin 3 969 29 4 2017
18149 882 0.631336 Pontianak 1 970 4 8 2012
12765 1045 0.606586 Dybbuk 0 971 17 2 2018
12246 858 0.836207 Zombie 0 972 24 4 2009
29709 1671 0.39967 Zombie 1 973 15 2 2017
7606 708 0.217109 Basilisk 0 974 4 6 2003
1141 1553 0.427839 Pontianak 1 975 9 1 2014
21734 94 0.394482 Yeti 3 976 11 8 2015
32022 897 0.331919 Griffin 3 977 18 8 2005
26888 1347 0.561022 Unicorn 2 978 19 10 2010
3889 515 0.387677 Dybbuk 2 979 29 7 2022
19708 1186 0.606616 Zombie 1 980 21 5 2020
4934 149 0.630451 Zombie 2 981 7 8 2004
25315 1190 0.243446 Griffin 2 982 15 6 2021
6423 339 0.980499 Banshee 0 983 15 8 2005
3102 1518 0.130985 Banshee 1 984 1 6 2004
30630 1211 0.367748 Dragon 1 985 14 11 2000
14671 613 0.000915555 Zombie 0 986 21 11 2003
23858 1418 0.85696 Vampire 2 987 3 11 2022
31319 922 0.782311 Vampire 3 988 29 1 2017
24380 315 0.772607 Dybbuk 0 989 11 1 2016
3669 904 0.726341 Dybbuk 0 990 3 5 2006
2695 1054 0.823939 Basilisk 0 991 24 1 2002
29612 446 0.53151 Chimera 0 992 25 8 2010
29458 910 0.229957 Banshee 0 993 2 10 2015
30716 103 0.468673 Basilisk 3 994 24 11 2004
17440 72 0.844539 Zombie 3 995 22 6 2010
18471 1586 0.505814 Chimera 3 996 7 8 2012
20528 122 0.281137 Hydra 0 997 21 5 2021
77 699 0.433302 Basilisk 0 998 23 7 2011
8452 977 0.0381481 Dybbuk 2 999 31 10 2022
15311 1822 0.988678 Hydra 0 1000 21 9 2020
